m_up	B_up	B_up_err	m_down	B_down	B_down_err	m_down_neg	B_down_neg	B_down_neg_err	m_up_neg	B_up_neg	B_up_neg_err
0	0.000275892	-3.322E-07	0.0314	0.708964	0.001684	-0.0088	0.0003066	3.502E-07	0.0251	0.670761	-0.001638
0	0.00000529	-0.000000046	0.0301	0.698896	0.001672	-0.0085	0.00002025	0.00000009	0.0247	0.662596	-0.001628
0	0.000120122	2.192E-07	0.0297	0.690561	0.001662	-0.0088	7.49956E-05	-1.732E-07	0.0242	0.654481	-0.001618
0	0.000620508	4.982E-07	0.0291	0.683929	0.001654	-0.0087	0.000448169	-4.234E-07	0.0237	0.648025	-0.00161
0	0.00153664	0.00000784	0.0288	0.675684	0.001644	-0.0088	0.001156	-0.0000068	0.0232	0.64	-0.0016
0.0001	0.00289444	0.00001076	0.0283	0.667489	0.001634	-0.0086	0.00221841	-0.00000942	0.0225	0.633616	-0.001592
0.0001	0.00451584	0.00001344	0.0277	0.659344	0.001624	-0.0086	0.00361201	-0.00001202	0.0223	0.625681	-0.001582
0.0001	0.00690561	0.00001662	0.0273	0.652864	0.001616	-0.0085	0.00528529	-0.00001454	0.0215	0.616225	-0.00157
0.0001	0.00900601	0.00001898	0.0268	0.644809	0.001606	-0.0084	0.00736164	-0.00001716	0.021	0.6084	-0.00156
0	0.01185921	0.00002178	0.0262	0.636804	0.001596	-0.0083	0.00972196	-0.00001972	0.0206	0.600625	-0.00155
0	0.01643524	0.00002564	0.0258	0.628849	0.001586	-0.0081	0.012544	-0.0000224	0.0201	0.591361	-0.001538
0	0.01860496	0.00002728	0.0252	0.619369	0.001574	-0.0078	0.01552516	-0.00002492	0.0197	0.583696	-0.001528
0	0.02226064	0.00002984	0.0245	0.609961	0.001562	-0.0077	0.01918225	-0.0000277	0.0192	0.574564	-0.001516
0	0.02660161	0.00003262	0.0236	0.602176	0.001552	-0.0075	0.02347024	-0.00003064	0.0187	0.567009	-0.001506
0	0.03143529	0.00003546	0.023	0.591361	0.001538	-0.0073	0.02683044	-0.00003276	0.0181	0.558009	-0.001494
0.0002	0.03640464	0.00003816	0.0225	0.582169	0.001526	-0.0071	0.03108169	-0.00003526	0.0174	0.549081	-0.001482
0.0003	0.04149369	0.00004074	0.0219	0.571536	0.001512	-0.0068	0.03568321	-0.00003778	0.0171	0.538756	-0.001468
0	0.04717584	0.00004344	0.0212	0.564001	0.001502	-0.0065	0.04072324	-0.00004036	0.0166	0.529984	-0.001456
0	0.05387041	0.00004642	0.0206	0.553536	0.001488	-0.0061	0.046225	-0.000043	0.0161	0.519841	-0.001442
0	0.06007401	0.00004902	0.0201	0.544644	0.001476	-0.0057	0.05180176	-0.00004552	0.0156	0.511225	-0.00143
0	0.06765201	0.00005202	0.0194	0.534361	0.001462	-0.0052	0.05968249	-0.00004086	0.0152	0.5041	-0.00142
0.0004	0.07387524	0.00005436	0.0192	0.525625	0.00145	-0.005	0.06446521	-0.00005078	0.0145	0.492804	-0.001404
0.0004	0.08151025	0.0000571	0.0183	0.515524	0.001436	-0.0047	0.07043716	-0.00005308	0.0139	0.483025	-0.00139
0.0006	0.08964036	0.00005988	0.0178	0.505521	0.001422	-0.0042	0.07756225	-0.0000557	0.0135	0.474721	-0.001378
0.0009	0.097969	0.000626	0.017	0.495616	0.001408	-0.0039	0.08508889	-0.00005834	0.0129	0.465124	-0.001364
0.0014	0.106929	0.000654	0.0165	0.485809	0.001394	-0.0031	0.092416	-0.000608	0.0123	0.454276	-0.001348
0.0018	0.116281	0.000682	0.016	0.477481	0.001382	-0.0027	0.099225	-0.00063	0.0118	0.443556	-0.001332
0.0024	0.125316	0.000708	0.0153	0.466489	0.001366	-0.0023	0.110224	-0.000664	0.0111	0.432964	-0.001316
0.0028	0.134689	0.000734	0.0148	0.455625	0.00135	-0.0014	0.117649	-0.000686	0.0105	0.4225	-0.0013
0.0032	0.1444	0.00076	0.0142	0.444889	0.001334	-0.001	0.126736	-0.000712	0.0099	0.410881	-0.001282
0.0039	0.154449	0.000786	0.0135	0.432964	0.001316	-0.0002	0.135424	-0.000736	0.0096	0.401956	-0.001268
0.0043	0.164836	0.000812	0.0124	0.421201	0.001298	0	0.1444	-0.00076	0.0088	0.391876	-0.001252
0.0048	0.175561	0.000838	0.012	0.410881	0.001282	0.0005	0.155236	-0.000788	0.0084	0.380689	-0.001234
0.0051	0.186624	0.000864	0.0117	0.399424	0.001264	0.001	0.164025	-0.00081	0.0077	0.369664	-0.001216
0.006	0.198025	0.00089	0.011	0.388129	0.001246	0.0015	0.174724	-0.000836	0.0071	0.36	-0.0012
0.0066	0.207936	0.000912	0.0105	0.375769	0.001226	0.0021	0.184041	-0.000858	0.0066	0.3481	-0.00118
0.0071	0.219961	0.000938	0.01	0.364816	0.001208	0.0026	0.195364	-0.000884	0.006	0.337561	-0.001162
0.0077	0.231361	0.000962	0.0092	0.352836	0.001188	0.0031	0.206116	-0.000908	0.0054	0.326041	-0.001142
0.0084	0.243049	0.000986	0.0087	0.339889	0.001166	0.0036	0.216225	-0.00093	0.0046	0.314721	-0.001122
0.0086	0.256036	0.001012	0.0079	0.328329	0.001146	0.0043	0.227529	-0.000954	0.0042	0.305809	-0.001106
0.0093	0.267289	0.001034	0.0074	0.316969	0.001126	0.0046	0.239121	-0.000978	0.0037	0.293764	-0.001084
0.0099	0.279841	0.001058	0.007	0.305809	0.001106	0.0053	0.25	-0.001	0.0029	0.284089	-0.001066
0.0108	0.2916	0.00108	0.0058	0.295936	0.001088	0.0059	0.2601	-0.00102	0.0027	0.274576	-0.001048
0.0114	0.303601	0.001102	0.0056	0.284089	0.001066	0.0065	0.272484	-0.001044	0.0021	0.264196	-0.001028
0.0119	0.315844	0.001124	0.005	0.272484	0.001044	0.0071	0.283024	-0.001064	0.0016	0.254016	-0.001008
0.0124	0.328329	0.001146	0.004	0.263169	0.001026	0.0078	0.295936	-0.001088	0.0014	0.244036	-0.000988
0.013	0.341056	0.001168	0.0036	0.252004	0.001004	0.0083	0.306916	-0.001108	0.0008	0.234256	-0.000968
0.0136	0.352836	0.001188	0.0028	0.242064	0.000984	0.009	0.319225	-0.00113	0.0002	0.224676	-0.000948
0.0141	0.366025	0.00121	0.0027	0.231361	0.000962	0.0099	0.330625	-0.00115	0	0.215296	-0.000928
0.0149	0.376996	0.001228	0.0019	0.2209	0.00094	0.0102	0.342225	-0.00117	-0.0005	0.205209	-0.000906
0.0155	0.390625	0.00125	0.0014	0.210681	0.000918	0.0108	0.354025	-0.00119	-0.0008	0.196249	-0.000886
0.016	0.401956	0.001268	0.0008	0.198916	0.000892	0.0114	0.366025	-0.00121	-0.0014	0.186624	-0.000864
0.0167	0.417316	0.001292	0	0.189225	0.00087	0.0121	0.378225	-0.00123	-0.002	0.177241	-0.000842
0.0173	0.426409	0.001306	-0.0004	0.180625	0.00085	0.0129	0.389376	-0.001248	-0.0025	0.1681	-0.00082
0.0176	0.438244	0.001324	-0.0009	0.170569	0.000826	0.0133	0.401956	-0.001268	-0.0029	0.158404	-0.000796
0.0184	0.4489	0.00134	-0.0012	0.160801	0.000802	0.014	0.413449	-0.001286	-0.0031	0.149769	-0.000774
0.0187	0.461041	0.001358	-0.0019	0.149769	0.000774	0.0144	0.425104	-0.001304	-0.0035	0.139876	-0.000748
0.0195	0.471969	0.001374	-0.0024	0.141376	0.000752	0.0151	0.436921	-0.001322	-0.0042	0.131769	-0.000726
0.02	0.484416	0.001392	-0.0029	0.132496	0.000728	0.0156	0.444889	-0.001334	-0.0045	0.123201	-0.000702
0.0204	0.494209	0.001406	-0.0034	0.123904	0.000704	0.0162	0.456976	-0.001352	-0.005	0.114921	-0.000678
0.021	0.505521	0.001422	-0.004	0.1156	0.00068	0.0169	0.469225	-0.00137	-0.005	0.107584	-0.000656
0.0216	0.515524	0.001436	-0.0043	0.107584	0.000656	0.0174	0.477481	-0.001382	-0.0054	0.099225	-0.00063
0.022	0.525625	0.00145	-0.0048	0.099225	0.00063	0.0178	0.485809	-0.001394	-0.0057	0.091809	-0.000606
0.0227	0.535824	0.001464	-0.0054	0.091204	0.000604	0.0182	0.495616	-0.001408	-0.0062	0.085264	-0.000584
0.0231	0.546121	0.001478	-0.0057	0.0841	0.00058	0.0186	0.5041	-0.00142	-0.0064	0.077284	-0.000556
0.0235	0.555025	0.00149	-0.0061	0.07634169	0.00005526	0.0191	0.515524	-0.001436	-0.0067	0.071289	-0.000534
0.0241	0.5625	0.0015	-0.0061	0.06943225	0.0000527	0.0196	0.527076	-0.001452	-0.007	0.064516	-0.000508
0.0245	0.571536	0.001512	-0.0064	0.06295081	0.00005018	0.0201	0.537289	-0.001466	-0.0073	0.059049	-0.000486
0.0248	0.582169	0.001526	-0.0067	0.07480225	0.0000547	0.0205	0.544644	-0.001476	-0.0077	0.0529	-0.00046
0.0252	0.589824	0.001536	-0.0071	0.05058001	0.00004498	0.021	0.555025	-0.00149	-0.0082	0.04652649	-0.00004314
0.0256	0.599076	0.001548	-0.0072	0.04490161	0.00004238	0.0214	0.565504	-0.001504	-0.0084	0.04214809	-0.00004106
0.0262	0.6084	0.00156	-0.0077	0.03972049	0.00003986	0.0217	0.571536	-0.001512	-0.0085	0.03713329	-0.00003854
0.0267	0.616225	0.00157	-0.0078	0.03433609	0.00003706	0.0221	0.580644	-0.001524	-0.0088	0.03268864	-0.00003616
0.027	0.625681	0.001582	-0.0077	0.03010225	0.0000347	0.0227	0.589824	-0.001536	-0.0091	0.02832489	-0.00003366
0.0274	0.633616	0.001592	-0.0082	0.02566404	0.00003204	0.0231	0.595984	-0.001544	-0.0092	0.02408704	-0.00003104
0.0279	0.64	0.0016	-0.0083	0.02175625	0.0000295	0.0234	0.605284	-0.001556	-0.0094	0.02056356	-0.00002868
0.0282	0.648025	0.00161	-0.0084	0.01792921	0.00002678	0.0237	0.614656	-0.001568	-0.0098	0.01700416	-0.00002608
0.0284	0.654481	0.001618	-0.0084	0.01478656	0.00002432	0.0242	0.622521	-0.001578	-0.0097	0.01387684	-0.00002356
0.0288	0.662596	0.001628	-0.0086	0.01159929	0.00002154	0.0246	0.630436	-0.001588	-0.0098	0.01119364	-0.00002116
0.0293	0.667489	0.001634	-0.0086	0.00898704	0.00001896	0.025	0.638401	-0.001598	-0.0098	0.00857476	-0.00001852
0.0297	0.675684	0.001644	-0.0088	0.00682276	0.00001652	0.0252	0.644809	-0.001606	-0.0098	0.00652864	-0.00001616
0.0299	0.682276	0.001652	-0.0086	0.00478864	0.00001384	0.0255	0.652864	-0.001616	-0.0101	0.00461041	-0.00001358
0.0303	0.690561	0.001662	-0.009	0.00323761	0.00001138	0.0261	0.659344	-0.001624	-0.0099	0.00308025	-0.0000111
0.0305	0.695556	0.001668	-0.0091	0.00196249	0.00000886	0.0264	0.667489	0.001634	-0.0102	0.00180625	-0.0000085
0.0308	0.703921	0.001678	-0.0085	0.000961	0.0000062	0.0266	0.674041	-0.001642	-0.0099	0.00093025	-0.0000061
0.0314	0.708964	0.001684	-0.0087	0.000307652	3.508E-07	0.0268	0.678976	-0.001648	-0.01	0.00028224	-0.000000336
